# camea parameter file. 

# The format of each camera is as follows:
# Filename (of the undistorted image in visualize folder)
# Original filename
# Focal Length (of the undistorted image)
# 2-vec Principal Point (image center)
# 3-vec Translation T (as in P = K[R T])
# 3-vec Camera Position C (as in P = K[R -RC])
# 3-vec Axis Angle format of R
# 4-vec Quaternion format of R
# 3x3 Matrix format of R
# [Normalized radial distortion] = [radial distortion] * [focal length]^2
# 3-vec Lat/Lng/Alt from EXIF

# Please note that images may be shrunk if you use param_pmvs_reduce.
# In that case, the focal length and principal point are scaled too.

# the nubmer of cameras in this reconstruction
285

00000000.jpg
/home/idh/image_pipeline/run/StoneChariot/test/8_M_19602.jpg
1212.69714355
512 384
0.180977307573 0.389342446348 0.625300538777
-0.625185142283 -0.310013199023 -0.297281759413
-0.136607126366 -0.877976502842 0.0273376400835
0.902834174491 -0.0660766336747 -0.42467573469 0.013223169811
0.638951336292 0.0322456267023 -0.768571017805
0.0799989451041 0.990918052525 0.108081367325
0.765076047614 -0.130543604742 0.630568797696
-0.0152486587728
0 0 0

00000001.jpg
/home/idh/image_pipeline/run/StoneChariot/test/8_M_19603.jpg
1209.2010498
512 384
-0.938369122002 0.490989676086 0.568534236885
0.308034507857 -0.380451366967 -1.09782063608
-0.138362474663 -0.714703800753 0.0155161882767
0.934455492417 -0.0676630441334 -0.349509756388 0.00758784153515
0.7555707097 0.0331167877469 -0.654229455934
0.0614787885393 0.990728274239 0.121152157155
0.652175790108 -0.131760255741 0.746529285296
-0.013633291279
0 0 0

00000002.jpg
/home/idh/image_pipeline/run/StoneChariot/test/8_M_19601.jpg
1211.92138672
512 384
1.26186893757 0.349926425342 0.698931920939
-1.31594821583 -0.321921583233 0.606559425255
-0.118899182502 -0.963075850953 0.0157341565147
0.884554834031 -0.0571437596913 -0.46286083582 0.00756194315133
0.57140532736 0.0395213100069 -0.819715815341
0.0662771234836 0.993354815488 0.0940933230845
0.817987343892 -0.108093832394 0.564988874785
-0.0205888646465
0 0 0

00000003.jpg
/home/idh/image_pipeline/run/StoneChariot/test/8_M_19600.jpg
1212.31774902
512 384
2.30239309408 0.409669208452 0.922084263908
-1.902176459 -0.326430919181 1.61066749628
-0.139715462999 -1.10229145127 0.0583039007109
0.849204321237 -0.0663096871372 -0.523153269501 0.0276713352411
0.451089907632 0.0223830243285 -0.892197789425
0.116377494173 0.989674645195 0.0836682467078
0.884858279095 -0.141573644719 0.443827364004
-0.0121010731852
0 0 0

00000004.jpg
/home/idh/image_pipeline/run/StoneChariot/test/8_M_19571.jpg
1209.85046387
512 384
0.564873713977 -0.755875045342 1.3983638132
-1.208786023 1.16292476391 -0.179702796517
-0.338909333607 -0.898534481355 0.121051148915
0.885158365283 -0.162916778261 -0.431933642255 0.0581903808198
0.620094416538 0.0377230701141 -0.783619732115
0.243753879561 0.940144005882 0.238145531982
0.745698974639 -0.338683064509 0.573782904099
-0.0241248091362
0 0 0

00000005.jpg
/home/idh/image_pipeline/run/StoneChariot/test/8_M_19573.jpg
1208.20275879
512 384
-0.37007872956 -0.770561301218 1.3542520652
-0.511184616742 1.18163175073 -0.952448599342
-0.329681290318 -0.783674103867 0.0786683832136
0.910247723262 -0.159878880731 -0.380042611648 0.0381502178815
0.708224348415 0.0520692768233 -0.704064672259
0.190973872698 0.945966608744 0.262061357488
0.679667015721 -0.320056191243 0.660012713656
-0.022466090301
0 0 0

00000006.jpg
/home/idh/image_pipeline/run/StoneChariot/test/8_M_19570.jpg
1209.64245605
512 384
0.536137564768 -1.00457160488 1.23933348445
-1.18126816062 1.18701326047 -0.167809819555
-0.166120702449 -0.939371331247 0.0599248670212
0.887956454896 -0.0799344140315 -0.452009266842 0.0288348114392
0.589712352677 0.0210540778773 -0.807338879842
0.12347030565 0.985558086205 0.115889353859
0.798119304818 -0.168023761771 0.578596224285
-0.0201768746851
0 0 0

00000007.jpg
/home/idh/image_pipeline/run/StoneChariot/test/8_M_19572.jpg
1207.16638184
512 384
-0.332779317146 -1.04617915485 1.15392497516
-0.495648049686 1.21054974671 -0.908668293631
-0.148075430211 -0.794113553948 0.0320446973063
0.919410145599 -0.0720379229711 -0.386332094043 0.0155895777773
0.701008956354 0.0269946913156 -0.712641375274
0.084327555212 0.989135005437 0.120419286039
0.708149212061 -0.144510302951 0.691116101533
-0.0182757240319
0 0 0

00000008.jpg
/home/idh/image_pipeline/run/StoneChariot/test/8_M_19574.jpg
1209.30981445
512 384
-1.34767123447 -0.710919237723 1.33271481276
0.474578938364 0.950777403533 -1.72294801173
-0.215953959001 -0.609759702141 0.108375951326
0.946706663777 -0.10605192545 -0.299444338845 0.0532218921285
0.815001036264 -0.0372577424743 -0.578260470302
0.164284337273 0.971840838613 0.16892614046
0.555683333757 -0.232674117662 0.798172154084
-0.00897050801038
0 0 0

00000009.jpg
/home/idh/image_pipeline/run/StoneChariot/test/8_M_19636.jpg
1210.64526367
512 384
-0.622706116305 0.145047782665 0.820986723065
-0.193444703566 -0.217627430869 -0.999018725543
0.0907776766624 -0.854204985987 -0.0679112613962
0.908612075469 0.0439975618998 -0.41401078027 -0.0329148094205
0.655023378282 0.0233826567381 -0.755246731385
-0.0962445164667 0.993961659735 -0.0526992602056
0.749454045925 0.107207603928 0.653318576734
-0.0262523027955
0 0 0

00000010.jpg
/home/idh/image_pipeline/run/StoneChariot/test/8_M_19637.jpg
1209.42956543
512 384
0.450746524314 -0.153007868519 0.636072943879
-0.78796950752 0.0991189927463 0.0212628182662
0.0610972107691 -0.985812062453 -0.0494738335571
0.880219917734 0.029318872391 -0.47306411695 -0.0237411330975
0.551293399707 0.0140554234887 -0.834193042712
-0.0695342493993 0.997153524642 -0.0291519545599
0.831408789705 0.0740762672165 0.550701489952
-0.0281772590751
0 0 0

00000011.jpg
/home/idh/image_pipeline/run/StoneChariot/test/8_M_19638.jpg
1207.53564453
512 384
1.16874686596 -0.177359437216 0.597521062674
-1.06680899325 0.0926495184041 0.779609944561
0.052750127926 -1.10868092441 -0.072101714651
0.849300617164 0.0250363503199 -0.526203918509 -0.0342210314485
0.443876714304 0.0317794349713 -0.895524164951
-0.0844763375454 0.996404204339 -0.00651229386918
0.892097086025 0.0785412572437 0.444965234616
-0.0247586268556
0 0 0

00000012.jpg
/home/idh/image_pipeline/run/StoneChariot/test/8_M_19635.jpg
1210.26733398
512 384
-1.68434729606 -0.0303171131531 1.39752592555
0.481218967608 0.0239756547732 -2.13515271746
0.0200538744686 -0.656053167987 -0.0270693131372
0.946540643274 0.00984761432167 -0.322160118383 -0.0132926011951
0.792072329753 0.0188189573807 -0.610137092203
-0.0315089917634 0.999452662491 -0.0100776424402
0.609613490564 0.0272070263388 0.792231765231
-0.0215170522386
0 0 0

00000013.jpg
/home/idh/image_pipeline/run/StoneChariot/test/8_M_19634.jpg
1207.67272949
512 384
-2.22991378279 -0.0360369465677 1.73082688487
0.962744633996 0.0368941703003 -2.6535518528
0.0272691227397 -0.562005042078 -0.037970528953
0.960508325495 0.0134546004443 -0.277293602768 -0.0187346802681
0.845514539238 0.028527883484 -0.533189763406
-0.0434513820081 0.998935970964 -0.0154564975094
0.532181492856 0.0362365254624 0.845854463181
-0.0147944011952
0 0 0

00000014.jpg
/home/idh/image_pipeline/run/StoneChariot/test/8_M_19604.jpg
1211.13500977
512 384
-2.09938810095 0.546360220568 0.661553486606
1.29612776314 -0.400459499172 -1.81749220516
-0.152941552541 -0.615211844544 0.0286278422014
0.950083852551 -0.0751941155112 -0.302470517227 0.0140749537164
0.816626963773 0.0187432335195 -0.576861415971
0.0722327785249 0.988295481341 0.134366912847
0.572628001189 -0.151395946969 0.805714862402
-0.0146091898692
0 0 0

00000015.jpg
/home/idh/image_pipeline/run/StoneChariot/test/8_M_19458.jpg
880.839294434
512 384
0.285097145804 0.503426130893 1.76340805026
-1.48353269384 -0.390608038548 -1.0444531153
-0.0872734475062 -0.811464170954 -0.0181426699828
0.917847657966 -0.0424350948572 -0.394559399813 -0.00882153671803
0.688490121018 0.0496799847483 -0.723542156599
0.0172926774831 0.996242886429 0.0848591453263
0.725039527588 -0.0709366643947 0.685044285487
0.00370100386623
0 0 0

00000016.jpg
/home/idh/image_pipeline/run/StoneChariot/test/8_M_19457.jpg
881.428100586
512 384
0.138596326113 0.114560333827 1.87556063852
-1.54723836381 0.00871496680187 -1.07519217602
-0.0848494526394 -0.890639630288 -0.0121551986905
0.901584747739 -0.0410236276797 -0.430612896762 -0.00587688346762
0.629075990766 0.045927623299 -0.775985857642
0.0247335893044 0.996565048425 0.0790338776537
0.776950221959 -0.068911230398 0.625779190228
-0.000287705791659
0 0 0

00000017.jpg
/home/idh/image_pipeline/run/StoneChariot/test/8_M_19460.jpg
881.104370117
512 384
-1.1442514989 0.205881471786 1.93720399592
-0.483848865598 -0.0361817231531 -2.20658993769
-0.0769854877392 -0.748719552273 -0.00637531103792
0.930013394127 -0.0375904905238 -0.365584944139 -0.00311293824582
0.732675916469 0.033275183284 -0.67976375573
0.0216948862292 0.997154529275 0.0721954060673
0.680231823233 -0.0676432326485 0.729869207282
0.0050112575138
0 0 0

00000018.jpg
/home/idh/image_pipeline/run/StoneChariot/test/8_M_19461.jpg
880.644226074
512 384
-0.954154954901 0.568011894829 1.99010401161
-0.438575802178 -0.470991420591 -2.18617966213
-0.0409417227346 -0.650882608796 -0.031253971935
0.947183933482 -0.0201091793716 -0.319691362647 -0.015350886229
0.795123565882 0.0419376875116 -0.604995657295
-0.0162227636915 0.998719942394 0.0479092747054
0.606230432194 -0.0282790917599 0.794786107108
0.00510696408132
0 0 0

00000019.jpg
/home/idh/image_pipeline/run/StoneChariot/test/8_M_19455.jpg
881.939758301
512 384
1.76499693005 0.438287938307 1.64735667943
-2.32937434925 -0.451399320403 0.625578375453
-0.0830689716764 -1.02804240524 -0.0265565478902
0.869865147071 -0.0397166556584 -0.491524156217 -0.0126971268182
0.516485573651 0.0611329674947 -0.854110890046
0.0169538151464 0.996522740468 0.0815781581223
0.856128039701 -0.0566143799396 0.513653182237
-0.00171957405545
0 0 0

00000020.jpg
/home/idh/image_pipeline/run/StoneChariot/test/8_M_19454.jpg
881.597961426
512 384
1.68911688975 0.0739917116817 1.84607963432
-2.431284109 -0.0177221780521 0.595939730681
-0.0766545982752 -1.07092170077 0.00137989676079
0.859333546089 -0.0365127343605 -0.510110032027 0.000657283515996
0.479574646408 0.0361213726388 -0.876757323871
0.0383806757372 0.997332776416 0.06208266116
0.876661326997 -0.0634238088216 0.476909150911
-0.00264754047652
0 0 0

00000021.jpg
/home/idh/image_pipeline/run/StoneChariot/test/8_M_19639.jpg
1206.69726562
512 384
1.80547256665 -0.210628922056 0.728234473483
-1.28655424427 0.111999062164 1.47195637392
0.0860165642671 -1.24249031218 -0.0759853250145
0.811612093388 0.0402720006964 -0.581720173825 -0.0355754858145
0.320672048348 0.0108929185397 -0.947127648068
-0.104601059521 0.994225101538 -0.0239805299963
0.94139686411 0.106760441164 0.31995961065
-0.0305413820666
0 0 0

00000022.jpg
/home/idh/image_pipeline/run/StoneChariot/test/8_M_19640.jpg
1209.62182617
512 384
2.61458379908 -0.29427799237 1.39814336753
-1.9645295428 0.119958481003 2.23689215066
0.039269379042 -1.34383239306 -0.0714665460093
0.781860359134 0.0181850691549 -0.622308923557 -0.0330951014032
0.223272635849 0.0291180341162 -0.974321030344
-0.0743849573585 0.997148035046 0.0127543844579
0.971913683513 0.0696271232591 0.224801813843
-0.0286137662645
0 0 0

00000023.jpg
/home/idh/image_pipeline/run/StoneChariot/test/8_M_19459.jpg
880.512756348
512 384
0.187364130525 -1.09221268671 2.20380044352
-1.67411763824 1.45982348889 -1.07285403475
-0.155169985944 -0.913301728517 0.0928780173357
0.893589637031 -0.0748130101153 -0.440335487807 0.0447798200672
0.608198851785 -0.0141439197136 -0.793658683706
0.145915212927 0.984795562464 0.0942679732818
0.78025823118 -0.173140548935 0.60101534339
-0.000319446982342
0 0 0

00000024.jpg
/home/idh/image_pipeline/run/StoneChariot/test/8_M_19463.jpg
881.373962402
512 384
-2.49414891393 0.000958573262199 2.09475189107
0.846184989918 0.0167507448006 -3.14522742966
-0.0122970456811 -0.60942239624 0.00901747090421
0.953905019362 -0.00605375728245 -0.300014764929 0.0044392435038
0.819942867884 -0.00483680018484 -0.572424928502
0.012101666457 0.99988729028 0.00888574172295
0.572317432091 -0.014213096108 0.819908985695
0.00750210155568
0 0 0

00000025.jpg
/home/idh/image_pipeline/run/StoneChariot/test/8_M_19464.jpg
880.849365234
512 384
-2.44684444233 0.570512094427 2.05759093585
0.910057815882 -0.469133683001 -3.08186965873
-0.0271079512295 -0.584339931307 -0.0171636066005
0.957494260305 -0.0133613852596 -0.288018481317 -0.00845986324425
0.833947570267 0.0238971927802 -0.551326014462
-0.00850388921717 0.999499808196 0.0304600933191
0.55177815643 -0.020713705464 0.833733655608
0.00848161815025
0 0 0

00000026.jpg
/home/idh/image_pipeline/run/StoneChariot/test/8_M_19569.jpg
1209.93945312
512 384
2.06925278326 -0.862308050356 1.41963744607
-2.01781310494 1.16639439124 1.26834818983
-0.284629255745 -1.0419130598 0.123316420594
0.855876056039 -0.135409595426 -0.495679987381 0.0586665856901
0.501719163667 0.0338170011406 -0.86436930258
0.234662305067 0.95644494638 0.173627956057
0.832593228047 -0.289947365875 0.471931183153
-0.0120693450087
0 0 0

00000027.jpg
/home/idh/image_pipeline/run/StoneChariot/test/8_M_19568.jpg
1207.40063477
512 384
2.0214645305 -1.12598693446 1.26383101857
-1.97558044261 1.18328388131 1.28388295384
-0.12327113391 -1.07631309676 0.0264259012459
0.856763404016 -0.0586636400207 -0.512207862904 0.0125758521784
0.474969906242 0.0385468955289 -0.879157394901
0.0816450152118 0.992800850563 0.0876388190952
0.87620641384 -0.113404620569 0.468403365037
-0.0113793958845
0 0 0

00000028.jpg
/home/idh/image_pipeline/run/StoneChariot/test/8_M_19456.jpg
880.291748047
512 384
1.79145429918 -0.933667093208 2.1631929339
-2.53436863352 1.39349568989 0.628960895403
-0.167421277633 -1.07015793485 0.131693873928
0.854828720947 -0.0796192227862 -0.50892660859 0.0626286218582
0.474142725586 -0.0260328073731 -0.880063048147
0.188114171498 0.979476870174 0.0723748525082
0.860117279361 -0.199868341 0.469308972863
-0.00540516501006
0 0 0

00000029.jpg
/home/idh/image_pipeline/run/StoneChariot/test/8_M_19605.jpg
1207.74987793
512 384
-3.01374909854 0.566858282937 1.54045829691
1.9117728034 -0.280074654004 -2.83614291649
-0.167482310013 -0.485637333794 0.0349534893558
0.967043172091 -0.0828191701356 -0.240145248585 0.0172843268137
0.884063023258 0.00634787994077 -0.467324593114
0.0732066408584 0.985684474209 0.151877928077
0.461598698701 -0.168480923914 0.870942489281
-0.0148620354315
0 0 0

00000030.jpg
/home/idh/image_pipeline/run/StoneChariot/test/8_M_19633.jpg
1209.02294922
512 384
-3.13079139336 0.412859014501 1.88639057262
1.99559838346 -0.0394625707023 -3.08979068943
-0.171147987873 -0.445427393793 0.0232383180691
0.971605747047 -0.0847625137674 -0.220601749796 0.0115089769955
0.902404822871 0.0150331413253 -0.430626915462
0.0597618940913 0.985365719417 0.159633690094
0.426724796178 -0.169789291948 0.888300368494
-0.0106196729342
0 0 0

00000031.jpg
/home/idh/image_pipeline/run/StoneChariot/test/8_M_19632.jpg
1207.93823242
512 384
-3.10828478537 -0.147757914988 1.90623471493
2.01612836828 0.0612718274076 -3.04112966882
0.0521182669756 -0.433733035459 -0.017102399096
0.976203339727 0.0258520969052 -0.215143540151 -0.00848326132846
0.907282582817 0.00543895278422 -0.42048630502
-0.0276865993783 0.998519406726 -0.0468235689271
0.419609064645 0.054124044424 0.906089852434
-0.0161656944802
0 0 0

00000032.jpg
/home/idh/image_pipeline/run/StoneChariot/test/8_M_19631.jpg
1206.51049805
512 384
-3.87049938977 -0.0543937962873 2.00860294903
2.74893961263 0.066207499332 -3.38484232887
0.0279374772669 -0.409432176701 -0.0262820999455
0.978936121191 0.0138705216046 -0.203276688095 -0.0130486525904
0.917016641485 0.0199084873194 -0.39835176838
-0.0311867020951 0.999274682592 -0.0218517354716
0.397627801909 0.0324616830023 0.916972393415
-0.0190278290884
0 0 0

00000033.jpg
/home/idh/image_pipeline/run/StoneChariot/test/8_M_19606.jpg
1207.40869141
512 384
-3.86243191545 0.672198322636 1.96686832343
2.91256656642 -0.352485961478 -3.26059987292
-0.108437002292 -0.360977892062 -0.00959128126112
0.98228311143 -0.0538979269708 -0.17942178088 -0.0047672857608
0.935570195065 0.028706572666 -0.351972076722
0.00997527550526 0.994144572909 0.107596756611
0.352999864001 -0.104175337007 0.929805676028
-0.0111982654239
0 0 0

00000034.jpg
/home/idh/image_pipeline/run/StoneChariot/test/8_M_19575.jpg
1205.90075684
512 384
-2.76453746435 -0.402861193753 1.84484991925
1.68320286013 0.87450348749 -2.75871483481
-0.223760473793 -0.465985269096 0.0242722768184
0.96671132603 -0.110636011514 -0.230401512488 0.0120011718425
0.893542229835 0.0277780712853 -0.448119026885
0.0741847462683 0.975231289661 0.208375994506
0.442807979741 -0.219436347082 0.869349631999
-0.0118796922287
0 0 0

00000035.jpg
/home/idh/image_pipeline/run/StoneChariot/test/8_M_19630.jpg
1207.9239502
512 384
-4.40790515997 -0.102821885936 2.61355056248
3.51570699089 0.0932555300695 -3.72853249181
0.0293441604219 -0.278849895423 -0.0210884394178
0.990133384566 0.0146237938045 -0.138966094598 -0.0105095182575
0.961155949156 0.0167472267385 -0.275497317224
-0.0248760727913 0.999351389362 -0.026038079493
0.274882561112 0.0318799463264 0.960949138414
-0.0156527005532
0 0 0

00000036.jpg
/home/idh/image_pipeline/run/StoneChariot/test/8_M_19607.jpg
1207.52587891
512 384
-4.59414653265 0.511613690505 2.66792211078
3.90427648967 -0.318101270639 -3.62507599849
-0.107158264067 -0.213696869718 0.0340303458823
0.992720435429 -0.0534490579122 -0.106589038789 0.0169738651859
0.976701329422 -0.0223064382625 -0.213440708203
0.0450947730905 0.993710172218 0.102501488138
0.20981175979 -0.109738400037 0.971563950037
-0.0138324623273
0 0 0

00000037.jpg
/home/idh/image_pipeline/run/StoneChariot/test/8_M_19629.jpg
1207.1796875
512 384
-4.88668521603 -0.0502629551661 3.04842523562
4.26586451992 0.0945203118161 -3.86892504331
0.0133601971377 -0.178597581008 -0.0197422882673
0.995944575452 0.00667106591316 -0.0891780430002 -0.00985779662908
0.983900200985 0.0184458129516 -0.177764300373
-0.020825463363 0.99971664145 -0.011529825794
0.177501252329 0.0150462218407 0.984005547052
-0.0201446447419
0 0 0

00000038.jpg
/home/idh/image_pipeline/run/StoneChariot/test/8_M_19578.jpg
1206.34716797
512 384
-5.10872377704 0.348694369705 3.15490692639
4.56264150482 -0.0316514481282 -3.91859474711
-0.100720131802 -0.153521747886 0.00828675642797
0.99578020333 -0.0502892095403 -0.0766528717778 0.00413754850159
0.988214435881 -0.000530553114991 -0.153074972577
0.0159498024378 0.994907752192 0.0995196886533
0.152242676402 -0.100788308552 0.983190665304
-0.0141035258774
0 0 0

00000039.jpg
/home/idh/image_pipeline/run/StoneChariot/test/8_M_19608.jpg
1208.39111328
512 384
-5.50955046387 0.694829572659 3.05376574108
5.06280167208 -0.302262605369 -3.80001265747
-0.117323559329 -0.129744385757 0.00198432758226
0.996177143096 -0.0585870087331 -0.0647895060877 0.000990899168556
0.99160267604 0.00561742451228 -0.129199757791
0.00956586892359 0.993133161053 0.116597678229
0.128967542518 -0.1168544777 0.984739764617
-0.0165319934353
0 0 0

00000040.jpg
/home/idh/image_pipeline/run/StoneChariot/test/8_M_19577.jpg
1203.83129883
512 384
-5.03294233578 -1.2295119639 3.2399495525
4.78034368822 0.721391913077 -3.73729705237
-0.167029494813 -0.133765447648 0.221495695823
0.988166862314 -0.0831850729699 -0.0666187042949 0.11031067082
0.966787008283 -0.206927335372 -0.150013194392
0.229094062484 0.961823599076 0.149703957176
0.113308389586 -0.179098973016 0.977284383746
-0.0215607064422
0 0 0

00000041.jpg
/home/idh/image_pipeline/run/StoneChariot/test/8_M_19579.jpg
1205.99975586
512 384
-5.97172474717 0.469350243377 3.67877753056
5.77896225095 -0.0372775703901 -4.00217389816
-0.115323323441 -0.0499983304932 0.0019391046419
0.998025267507 -0.057623701269 -0.0249827075246 0.000968914034736
0.998749851061 0.000945190773161 -0.0499784115464
0.004813193528 0.993357140515 0.114971407556
0.0497550818948 -0.115068231939 0.992110746754
-0.0111669955693
0 0 0

00000042.jpg
/home/idh/image_pipeline/run/StoneChariot/test/8_M_19609.jpg
1207.21679688
512 384
-6.13168388461 0.8533475418 4.00210184815
6.16105190323 -0.344889201031 -4.03299632724
-0.133999099982 0.00804268743453 0.00498741035398
0.997745183141 -0.066949185179 0.00401832079814 0.00249183061227
0.999955287756 -0.00551047058764 0.00768486838314
0.00443437737474 0.991023194768 0.133616480005
-0.00835217249952 -0.133576428106 0.991003319404
-0.0108173795309
0 0 0

00000043.jpg
/home/idh/image_pipeline/run/StoneChariot/test/8_M_19628.jpg
1207.14111328
512 384
-5.24791891462 -0.317983202525 4.14682172735
5.16166182033 0.154643618082 -4.2627724891
0.0393113370339 -0.020489196936 -0.000381065128866
0.999754343356 0.0196540589754 -0.0102437595697 -0.000190516962314
0.999790058186 -2.17225883125e-05 -0.0204899751074
-0.000783603230537 0.999227363338 -0.0392945584306
0.0204749973809 0.0393023648704 0.999017566711
-0.0142322946159
0 0 0

00000044.jpg
/home/idh/image_pipeline/run/StoneChariot/test/8_M_19580.jpg
1204.40441895
512 384
-6.24058405024 -0.173952931329 4.3963291603
6.53047634084 0.0611171492584 -3.95626117085
0.0248468905293 0.0693426057951 0.00141206622803
0.999321606857 0.0124206358109 0.0346634622849 0.000705873450785
0.99759589225 -0.000549704700181 0.0692974284536
0.00227187366412 0.999690459097 -0.024775483438
-0.0692623588654 0.0248733555089 0.997288344377
-0.0137537434017
0 0 0

00000045.jpg
/home/idh/image_pipeline/run/StoneChariot/test/8_M_19610.jpg
1205.61169434
512 384
-6.61028087544 0.964367072105 4.82352296804
7.16746864855 -0.32498016031 -4.05141604783
-0.131317875184 0.124063652903 -0.00797293909828
0.995915316048 -0.0655695145543 0.0619473432942 -0.00398104024691
0.992293355955 -0.000194156544075 0.123910685703
-0.0160532723669 0.991369580159 0.130110137887
-0.122866546198 -0.131096597355 0.98372633084
-0.0127500245556
0 0 0

00000046.jpg
/home/idh/image_pipeline/run/StoneChariot/test/8_M_19581.jpg
1202.67272949
512 384
-7.06477714045 0.70946851423 4.58841169525
7.61236451043 0.000724573642348 -3.67693480189
-0.152649430276 0.131154236022 -0.0104840088472
0.994927644363 -0.0761956227468 0.0654662036504 -0.0052331383193
0.991373580886 0.000436711649273 0.131065756033
-0.0203896642733 0.988333682675 0.150933075503
-0.1294707871 -0.152303450298 0.979816806508
-0.0165529134173
0 0 0

00000047.jpg
/home/idh/image_pipeline/run/StoneChariot/test/8_M_19476.jpg
877.667480469
512 384
-7.00781145755 0.75856583777 4.45407211384
7.25895490181 -0.0514925745909 -4.10225842656
-0.115123845508 0.0557850293568 -0.0299348889683
0.99784307997 -0.057520531312 0.0278724578187 -0.0149566817424
0.997998847533 0.0266423655865 0.0573453108733
-0.0330553199173 0.992935372298 0.11395916929
-0.0539040457514 -0.115626687214 0.991829029145
-0.000882805142165
0 0 0

00000048.jpg
/home/idh/image_pipeline/run/StoneChariot/test/8_M_19477.jpg
878.072509766
512 384
-6.84600275988 1.18041262038 4.73265892429
7.27923850614 -0.442303796191 -4.18045958704
-0.128899972585 0.0928263871945 -0.0229480530592
0.996781908223 -0.0643808361255 0.0463633956022 -0.0114617157302
0.995438129242 0.0168798334051 0.0939042175643
-0.028819490103 0.991447474025 0.127284497251
-0.0909525581958 -0.129410113494 0.987411086976
0.00269597498468
0 0 0

00000049.jpg
/home/idh/image_pipeline/run/StoneChariot/test/8_M_19475.jpg
878.404541016
512 384
-6.77987197276 0.0919092420209 4.82885331231
7.22531679311 0.425457384914 -4.11177806312
-0.0928914855689 0.100028208749 -0.01446602134
0.997645457508 -0.0464092842343 0.0499748447646 -0.00722733296809
0.994900561098 0.00978203826054 0.100385184438
-0.0190592253615 0.99558788799 0.0918776535187
-0.0990435230381 -0.0933223928913 0.990697386455
0.00442719141407
0 0 0

00000050.jpg
/home/idh/image_pipeline/run/StoneChariot/test/8_M_19473.jpg
878.059692383
512 384
-6.14062581238 0.93961096028 4.14883025966
6.12065161175 -0.448773210234 -4.25901081253
-0.131788898615 -0.00302303627085 0.0104243221761
0.997815031265 -0.0658464498759 -0.00151041710169 0.00520836439848
0.999941183161 -0.0101950573623 -0.0037001383857
0.0105928797782 0.991274235958 0.131389421278
0.0023283291645 -0.131420888489 0.991323927358
-0.00069024035832
0 0 0

00000051.jpg
/home/idh/image_pipeline/run/StoneChariot/test/8_M_19472.jpg
879.086120605
512 384
-6.17583175086 0.633796966523 4.05552271396
6.08164270574 -0.0581461108308 -4.24265269881
-0.135522330648 -0.0228347887729 -0.00203145840217
0.997639447223 -0.0677078389928 -0.0114084091845 -0.00101492984778
0.999737636235 0.00356994556908 -0.0226255206517
-0.000480190640154 0.990829236913 0.135119179601
0.0229003954785 -0.135072864661 0.990570993478
0.00212768079924
0 0 0

00000052.jpg
/home/idh/image_pipeline/run/StoneChariot/test/8_M_19474.jpg
878.757873535
512 384
-6.15076886822 0.0764748011758 4.19446793933
6.13670051531 0.511796466563 -4.18453563992
-0.0894231830797 -0.00155267828483 -0.0346990017819
0.99884985339 -0.0446944485967 -0.000776041484974 -0.0173428488909
0.999397246704 0.0347151736366 -3.97104332984e-08
-0.0345764346516 0.995403263714 0.0893130043966
0.00310055598353 -0.0892591693158 0.996003608049
0.00206923154822
0 0 0

00000053.jpg
/home/idh/image_pipeline/run/StoneChariot/test/8_M_19611.jpg
1206.38146973
512 384
-7.28804620382 1.28979396857 5.62643720976
8.45883307296 -0.347785748294 -3.84228704586
-0.122802371496 0.237980046396 -0.0450655766243
0.990795925033 -0.0612126895305 0.118624734336 -0.0224636146421
0.970847116842 0.0299910376307 0.237815923314
-0.0590363937648 0.991496785315 0.115969086056
-0.232315690238 -0.126628047332 0.964362358088
-0.0131334996333
0 0 0

00000054.jpg
/home/idh/image_pipeline/run/StoneChariot/test/8_M_19479.jpg
877.372436523
512 384
-7.50189319255 0.874351742847 5.74550311503
8.61123630222 -0.0327558738527 -3.98738446698
-0.123736806148 0.223980276412 -0.0291415497515
0.991720551253 -0.0616975632185 0.111680895069 -0.0145305399747
0.974632482169 0.0150395920597 0.223305475462
-0.0426013483951 0.991964548202 0.119127915392
-0.219719479827 -0.125619050232 0.967441576739
0.00538893903457
0 0 0

00000055.jpg
/home/idh/image_pipeline/run/StoneChariot/test/8_M_19480.jpg
877.262817383
512 384
-7.31791699175 1.22894635819 6.06246638864
8.6943230249 -0.429173904439 -4.00503106871
-0.122158386563 0.267764305795 -0.0223632671037
0.989129687415 -0.0608577158385 0.133396686812 -0.0111410881635
0.964162400204 0.00580352678579 0.265249288611
-0.0382763974249 0.992344429155 0.117419978391
-0.262537203901 -0.123364715385 0.957003324741
0.00655100614872
0 0 0

00000056.jpg
/home/idh/image_pipeline/run/StoneChariot/test/8_M_19582.jpg
1204.32434082
512 384
-7.17175399224 -0.398654369329 5.94166411127
8.61236446445 0.0828488276388 -3.56604366851
0.0396412548598 0.299917693794 0.015830838206
0.988550332657 0.0197449229999 0.149386082535 0.00788518634204
0.955243244363 -0.00969057376917 0.295662707962
0.0214890405568 0.999095923704 -0.0366818262043
-0.295039938374 0.0413935745951 0.954587872721
-0.0115743309849
0 0 0

00000057.jpg
/home/idh/image_pipeline/run/StoneChariot/test/8_M_19584.jpg
1204.62731934
512 384
-8.29323277776 0.278755731573 5.68082621317
9.56703438812 0.0506265746219 -3.09782037807
-0.045939632811 0.287778104714 -0.0140421818085
0.989378372816 -0.0228884330632 0.143379245409 -0.00699621478712
0.958786889929 0.0072803546815 0.284032913824
-0.0204072597263 0.998854345221 0.0432844173271
-0.283392384249 -0.0472968653146 0.957837023236
-0.018777798606
0 0 0

00000058.jpg
/home/idh/image_pipeline/run/StoneChariot/test/8_M_19612.jpg
1205.49450684
512 384
-7.81860540549 1.22801572021 6.35160801024
9.5677804364 -0.315814250111 -3.3673990396
-0.102584411007 0.348543632384 -0.0464122737123
0.983276779478 -0.0510059618357 0.173299266788 -0.0230766316093
0.938869666409 0.0277028404442 0.343156381449
-0.063060023596 0.993731721862 0.0923076291003
-0.338448198284 -0.108304282452 0.934731511976
-0.0133765493578
0 0 0

00000059.jpg
/home/idh/image_pipeline/run/StoneChariot/test/8_M_19585.jpg
1202.66394043
512 384
-7.81407551379 1.4006860032 6.26878467483
9.6329333148 -0.0234303355969 -3.08632556387
-0.178747774224 0.374055542295 -0.0597190177273
0.978150697629 -0.0887220149766 0.185663634525 -0.0296417206211
0.929300766427 0.0250432358831 0.368473773631
-0.0909330429348 0.982499544914 0.162560222521
-0.357954280907 -0.184573780857 0.915314837747
-0.0127065534774
0 0 0

00000060.jpg
/home/idh/image_pipeline/run/StoneChariot/test/8_M_19583.jpg
1205.03991699
512 384
-7.00962631967 -0.454322714929 7.10543584142
9.49843183177 0.0825969228084 -3.09862215393
0.0616755007252 0.478008137929 0.0060371231188
0.971098784591 0.0305400911629 0.236697099128 0.00298942510789
0.887931093204 0.00865144779293 0.45989512519
0.0202635561485 0.998116732339 -0.0578997143169
-0.459529935929 0.0607300673213 0.886083572192
0.000454105633086
0 0 0

00000061.jpg
/home/idh/image_pipeline/run/StoneChariot/test/8_M_19613.jpg
1202.96350098
512 384
-8.14287664928 1.11323434125 7.354965352
10.6814158098 -0.260730579474 -2.73507257968
-0.128289461538 0.48966535231 -0.019864905395
0.968093014911 -0.0634610468035 0.242223137182 -0.00982658806041
0.882462779962 -0.0117173651678 0.470236265441
-0.0497695702146 0.991752267411 0.118111938283
-0.467741843181 -0.127632846234 0.874601294705
-0.0159818488227
0 0 0

00000062.jpg
/home/idh/image_pipeline/run/StoneChariot/test/8_M_19586.jpg
1204.36572266
512 384
-7.44450522121 -0.462735541667 7.87345264681
10.5611620515 0.0742385317729 -2.46624887514
0.0527747945141 0.584820794221 0.0115993790391
0.957192069306 0.0260097816365 0.28822587173 0.00571669333258
0.833786332566 0.0040494369302 0.552072417068
0.0259373310126 0.998581621353 -0.0464973155754
-0.551477657287 0.0530881112521 0.832498676249
-0.00394770951686
0 0 0

00000063.jpg
/home/idh/image_pipeline/run/StoneChariot/test/8_M_19644.jpg
877.496887207
512 384
-7.79269258328 0.939971926432 5.30076829341
9.18945208131 0.184719476033 -2.2863942313
-0.173301338104 0.35793695213 -0.0532476458996
0.979943960755 -0.08607060104 0.17777040236 -0.0264455943427
0.935396629169 0.0212287901729 0.352962440788
-0.0824320116861 0.983784964353 0.159286243482
-0.343857687988 -0.178091219269 0.921979071362
0.00061293108956
0 0 0

00000064.jpg
/home/idh/image_pipeline/run/StoneChariot/test/8_M_19643.jpg
878.579528809
512 384
-7.6758644093 -0.335101668056 5.51473217467
9.17793653191 0.211863200513 -2.27245539378
0.0767557278124 0.382341531402 -0.0210264142134
0.980995676173 0.0381344393706 0.189958200693 -0.0104465235476
0.927613504271 0.0349838878369 0.371899602429
-0.00600808988784 0.996873269359 -0.0787882459048
-0.373493091704 0.0708506346384 0.924923293047
0.00332405163232
0 0 0

00000065.jpg
/home/idh/image_pipeline/run/StoneChariot/test/8_M_19482.jpg
879.657226562
512 384
-8.21216837113 0.514648796832 7.30343012531
10.4265660841 0.0385075494389 -3.51139590443
-0.0764644840195 0.403120150764 -0.0141522170008
0.979004760979 -0.0379643005996 0.200147490402 -0.00702651730746
0.919783220281 -0.00143893118556 0.392424205634
-0.028954906774 0.997018679869 0.0715217824579
-0.391357178373 -0.0771471416793 0.916999387931
0.0111412527157
0 0 0

00000066.jpg
/home/idh/image_pipeline/run/StoneChariot/test/8_M_19483.jpg
878.311950684
512 384
-7.72906648152 1.17665680351 7.66071424815
10.3840367812 -0.401693367323 -3.43801618177
-0.0869916538597 0.465071806123 -0.030656557868
0.972031459742 -0.0430895608304 0.230363937128 -0.0151851074959
0.893403737962 0.00966824264706 0.449150627384
-0.0493733661751 0.995825404516 0.0767726151303
-0.446533348931 -0.0907650197242 0.890151492436
0.00793239030646
0 0 0

00000067.jpg
/home/idh/image_pipeline/run/StoneChariot/test/8_M_19588.jpg
1199.79211426
512 384
-8.37249852397 1.31269853035 7.66977015188
11.3038759064 -0.0298579826173 -1.69374766179
-0.137545937866 0.597478789875 -0.060788085614
0.952924682917 -0.0676903738247 0.294036765218 -0.0299155925877
0.825294876041 0.0172076960502 0.564439777813
-0.0968215302734 0.989046141223 0.111415087879
-0.556339787231 -0.146600224175 0.817920787984
-0.0147667972171
0 0 0

00000068.jpg
/home/idh/image_pipeline/run/StoneChariot/test/8_M_19587.jpg
1201.25524902
512 384
-8.07914053695 -0.648898394556 8.03685711738
11.2862525244 0.122635600344 -1.70003462684
0.0704384439757 0.634835529839 0.017072648304
0.94939894815 0.0346231502898 0.312045592127 0.00839185017033
0.80511425057 0.00567357541744 0.59309261846
0.0375424303164 0.997461628629 -0.0605050852226
-0.591930409301 0.0709796446444 0.802857571796
-0.00835355514199
0 0 0

00000069.jpg
/home/idh/image_pipeline/run/StoneChariot/test/8_M_19614.jpg
1203.5925293
512 384
-8.38761835837 1.69812815803 8.55552584427
11.9801417463 -0.155984941018 -1.69843335915
-0.154949734593 0.661102069033 -0.067499968396
0.942359704779 -0.075980509243 0.324175268829 -0.0330990045648
0.787629701953 0.0131203323211 0.616009179705
-0.11164434036 0.986262836224 0.121742183113
-0.605949662816 -0.164661697924 0.77827471459
-0.0126830556686
0 0 0

00000070.jpg
/home/idh/image_pipeline/run/StoneChariot/test/8_M_19485.jpg
877.672607422
512 384
-8.47661641151 0.819870720285 8.6759022239
11.9200826315 0.028106763622 -2.38900256437
-0.0968959708706 0.601024942276 -0.0279943414563
0.953932673545 -0.0477017188223 0.295883539264 -0.0137815658666
0.824525999269 -0.00193493484271 0.565820760097
-0.0545216787339 0.995069228927 0.0828529793672
-0.563191142577 -0.0991639333081 0.820354954427
0.00410414676004
0 0 0

00000071.jpg
/home/idh/image_pipeline/run/StoneChariot/test/8_M_19486.jpg
876.932617188
512 384
-8.40735434692 1.34485751248 8.7208855429
11.935985017 -0.38124879393 -2.43577595991
-0.114611027484 0.607761754682 -0.0288339505476
0.952463784253 -0.0563945739839 0.299050326931 -0.0141878001891
0.820735216576 -0.00670289985746 0.571269442037
-0.0607563632907 0.993236716702 0.0989418461261
-0.568068982247 -0.115913311266 0.814777107975
0.00247288719106
0 0 0

00000072.jpg
/home/idh/image_pipeline/run/StoneChariot/test/8_M_19642.jpg
874.941894531
512 384
-8.36242583488 -0.160785587315 4.81471924909
9.64698389117 0.187973592526 0.194697274148
0.0558643174153 0.543472110377 -0.0172748425215
0.962884249291 0.0275857216342 0.268365766315 -0.00853029302283
0.855814099142 0.0312334962385 0.51633971029
-0.00162124293562 0.998332524126 -0.0577021909817
-0.517280967445 0.0485452364859 0.854437686864
-0.00266014649843
0 0 0

00000073.jpg
/home/idh/image_pipeline/run/StoneChariot/test/8_M_19576.jpg
1203.47814941
512 384
-4.20103991847 -0.933390040003 2.73672947827
3.59191460111 0.921881689624 -3.50113199541
-0.181862557769 -0.237646060364 0.148497682571
0.986082254092 -0.0905090333546 -0.118271267422 0.0739040617801
0.961100193909 -0.124341731477 -0.246628366334
0.167160203829 0.972692609067 0.161017249143
0.219872425563 -0.195980157361 0.955640044367
-0.0135621250018
0 0 0

00000074.jpg
/home/idh/image_pipeline/run/StoneChariot/test/8_M_19478.jpg
877.437866211
512 384
-6.84655090678 -0.185681448806 5.02840344755
7.34241484134 1.11392600125 -4.12827946151
-0.155301701673 0.112253959834 -0.0302076317187
0.995299677912 -0.0775291513342 0.0560390140359 -0.0150801441693
0.993264436315 0.0213292108695 0.1138895268
-0.0387078396687 0.98752363989 0.152639325882
-0.109212923682 -0.156019631525 0.981697719199
0.00221182138835
0 0 0

00000075.jpg
/home/idh/image_pipeline/run/StoneChariot/test/8_M_19471.jpg
881.156494141
512 384
-4.93337194522 0.661932271821 3.21480045983
4.16333729119 -0.0552984167048 -4.21601942166
-0.155234992948 -0.206660724235 -0.00582396855996
0.991656568452 -0.0774015107412 -0.103042825351 -0.00290388111914
0.978747487236 0.021710646278 -0.203916659611
0.0101920351348 0.988001147219 0.154109881299
0.204815718754 -0.152912984839 0.966782364557
0.00254238013227
0 0 0

00000076.jpg
/home/idh/image_pipeline/run/StoneChariot/test/8_M_19627.jpg
1202.01123047
512 384
-7.87750094568 -0.386398119395 8.99081155269
11.9427038902 0.197663044092 -0.609729566129
0.0345639340972 0.800941598558 0.00127147858334
0.92073198752 0.0168228715331 0.389832291087 0.00061885087515
0.6960608037 0.0119766055123 0.717882942041
0.0142557886973 0.999433216034 -0.030496215776
-0.717841298646 0.031461207994 0.695495551639
-0.00653529042245
0 0 0

00000077.jpg
/home/idh/image_pipeline/run/StoneChariot/test/8_M_19626.jpg
1199.04736328
512 384
-7.66241530207 -0.20135404288 10.2783303627
12.8198068861 0.212804981689 0.067023870286
0.00495897212475 0.935505263471 -0.00350763964306
0.892579392578 0.00239005080573 0.450880757641 -0.00169055940309
0.593407368796 0.00517317280643 0.804885664515
-0.000862661134066 0.999982859332 -0.00579110160183
-0.804901826606 0.00274213878383 0.593401660092
-0.00968208462218
0 0 0

00000078.jpg
/home/idh/image_pipeline/run/StoneChariot/test/8_M_19615.jpg
1207.02966309
512 384
-8.36316449959 2.01780114649 10.2381278249
13.3596842922 -0.338616991193 -0.487316548613
-0.101776176269 0.852292829066 -0.0946208380979
0.908224862298 -0.0493215954383 0.413028310271 -0.0458540580693
0.654610040546 0.042549160704 0.754768351046
-0.124034021599 0.990929571164 0.0517121502037
-0.74572196984 -0.127468246697 0.653949990276
-0.0075853783837
0 0 0

00000079.jpg
/home/idh/image_pipeline/run/StoneChariot/test/8_M_19488.jpg
877.37109375
512 384
-8.33660153827 1.41289859112 10.0856610066
13.1258805309 0.0906200886107 -0.95854778978
-0.107112834201 0.808958631786 -0.0770551597898
0.917190735263 -0.0520697682211 0.393251553578 -0.0374581098562
0.687900211229 0.0277594281463 0.725274233335
-0.109665497136 0.991771258487 0.0660548982093
-0.717472492942 -0.124976737789 0.685283909692
0.00460606048538
0 0 0

00000080.jpg
/home/idh/image_pipeline/run/StoneChariot/test/8_M_19489.jpg
876.46496582
512 384
-7.97709952408 1.3711227132 10.3938687253
13.1323415019 -0.353954320724 -0.981287117009
-0.0675032060244 0.843253753808 -0.0541547181304
0.911515814378 -0.0327501090957 0.409116159944 -0.0262739065486
0.663867299015 0.0211009649072 0.747552646025
-0.0746953603912 0.996474224378 0.0382063252189
-0.744110752801 -0.0812026442346 0.663102796054
0.00331862801289
0 0 0

00000081.jpg
/home/idh/image_pipeline/run/StoneChariot/test/8_M_19491.jpg
876.956420898
512 384
-7.85630769978 1.32469069759 11.7739254151
14.2104038527 0.129071147915 -0.386598991264
-0.0827729940076 0.955675042556 -0.0758190569626
0.886476107745 -0.0398081934818 0.459614847281 -0.0364638216288
0.574849163742 0.0280557398066 0.817778279492
-0.101241486877 0.994171394888 0.0370593972099
-0.811972044026 -0.104096652447 0.574338999781
0.00521735917379
0 0 0

00000082.jpg
/home/idh/image_pipeline/run/StoneChariot/test/8_M_19492.jpg
876.627868652
512 384
-7.24635228201 1.99210086619 12.010834983
14.1592037707 -0.354694830812 -0.359700431933
-0.0944990874215 1.00436328399 -0.0850811859922
0.874597977064 -0.045257456305 0.481009168236 -0.040747039601
0.533939717673 0.0277360539852 0.845067505706
-0.11481305964 0.992582882825 0.0399647602098
-0.837691076249 -0.118363558716 0.533163885443
0.00372674168946
0 0 0

00000083.jpg
/home/idh/image_pipeline/run/StoneChariot/test/8_M_19616.jpg
1204.39782715
512 384
-8.5430272335 1.96857153267 10.8386819998
13.9131615241 -0.304428140696 0.816624513744
-0.13528869661 0.967354594889 -0.075785075833
0.882402334239 -0.0649713503642 0.464564563676 -0.0363951966254
0.565710311678 0.00386363884796 0.824595000929
-0.124597186982 0.988908226589 0.0808459051596
-0.815136420642 -0.14847757972 0.559916979616
-0.0128941131166
0 0 0

00000084.jpg
/home/idh/image_pipeline/run/StoneChariot/test/8_M_19625.jpg
1209.54760742
512 384
-7.20560271065 -1.45236155766 11.4730232434
13.5868218554 0.2375297128 1.00108859043
0.070833854322 1.08460694161 0.0693924117458
0.855352626295 0.0336922111884 0.515894645054 0.0330065872285
0.465526560809 -0.0217012794777 0.884767808891
0.0912278048061 0.99555080021 -0.023581599446
-0.880319549261 0.0916932858567 0.465435100221
-0.000258657923367
0 0 0

00000085.jpg
