centers = [
    -0.625185142283 -0.310013199023 -0.297281759413
    -1.31594821583 -0.321921583233 0.606559425255
    -1.48353269384 -0.390608038548 -1.0444531153
    -2.32937434925 -0.451399320403 0.625578375453
    1.9117728034 -0.280074654004 -2.83614291649
    1.99559838346 -0.0394625707023 -3.08979068943
    2.01612836828 0.0612718274076 -3.04112966882
    9.5677804364 -0.315814250111 -3.3673990396
    9.6329333148 -0.0234303355969 -3.08632556387
    10.6814158098 -0.260730579474 -2.73507257968
    17.9704171375 0.0157080430438 6.23364147108
    17.5264283019 0.108378520891 3.834336252
    17.7144738744 1.52269173767 10.9463438506
    12.8142191167 0.918471117152 8.09636122951
    2.01906743729 -0.0532363148629 13.2119751006
    2.01906743729 -0.0532363148629 13.2119751006
    -0.907896996644 -0.274237487529 15.2683067467
    -0.937196149394 0.124819770605 15.3205545318
    -3.54537955328 1.4235528477 1.96749176576
];


homo = 1; % homo
rec = 4; % recalib
sel = 3; 

status = [
    homo
    homo
    homo
    sel
    homo
    sel
    homo
    homo
    sel
    homo
    sel
    homo
    rec
    sel
    rec
    rec
    sel
    homo
    rec
];
