0.000000 9.405295 8.578878 1292.227472 9.311282 9.763834 13.344703 9.162086 31.080168 14.247931 14.446657 686.901585 140.433178 40364.639401 11.229167 10.939801 11.867329 601.224254 894.262745 11.990287 636.095050 2036.040088 7141.912876 2680.770796 494.379014 1286.989327 861.943322 410.749574 470.941962 57.725977 1086.362670 2136.134298 1802.331917 419.226188 1201.556722 4198.462448 2299.938889 764.337611 598.602323 574.343991 433.275520 65.429199 111.188131 986.580853 3125.309878 325.964316 1248.002497 229.924518 759.000885 912.489051 229639.244169 636.206884 583.016309 623.536420 17026.253466 1311.946490 4472.570835 103549.314124 301.863717 352.757271 8095.736214 15067.643440 19267.607163 478.411788 7750.177838 502.791860 3023.993324 532.319429 813.296605 580.936150 19139.488574 501.630843 7644.022466 2195.243737 2247.259374 794.733832 751.728421 inf 1133.775268 831.563485 4735.950081 679.607094 17816.678707 inf inf inf inf inf inf inf inf inf inf inf inf inf inf inf inf inf inf 2919.675566 747.811757 5440.432293 1552.763947 687.229282 8880.747940 inf inf inf 305.892294 813.594337 inf 43657.334711 13951.316072 inf inf inf inf inf inf inf inf inf inf inf inf inf inf inf inf inf inf inf inf inf inf inf inf inf inf inf inf inf inf inf inf inf inf inf inf inf inf inf inf inf inf inf inf inf inf inf 347.679753 22984.979101 16536.036112 6553.766909 367.410242 1233.865649 3330.971346 530.897195 inf inf 1649.308608 1778.751448 3583.053463 8565.483525 1421.834261 3417.290542 8973.930299 3090.425171 1756.892884 1311.092529 302.415999 inf inf 3069.235710 1419.006978 7589.367608 3596.704302 618.665491 550.544319 1722.779317 20815.466165 18950.071688 15739.025939 1438.257390 12594.374730 20239.283950 7084.192019 1696.438180 2006.739392 547.764422 72527.901782 382653.152734 1852.091885 1298.818566 1963.211921 2412.093981 1385.832995 431.821675 1682.709057 1004.888413 808.183379 356925.938136 795.373539 1143.418732 2469.063036 1101.782030 736.821119 5821.742166 6898.116702 1072.859473 811.534925 inf inf 5562.711874 1083.376343 23029.552056 1069.264761 2582.284985 1075.150866 4798.011599 49740.110302 4663.573052 2388.122508 2328.785582 18744.736461 1071.243626 inf inf inf inf inf 8005.313793 5516.048424 3801.936589 6734.483014 inf inf inf inf inf 1075.844167 inf inf inf inf inf inf inf inf inf 4249.397817 1064.299691 inf inf inf inf inf inf 8098.419039 495.174484 inf 545783.302479 534.729603 746.455438 2960.134854 516.191777 1473.402417 857.428990 104.248489 3684.119213 inf 1908.447040 3211.701331 
9.405295 0.000000 478.936334 201.509808 1111.451977 9.777389 544.446951 19.733183 9.904400 13.758145 1094.787952 6335.783720 13.600459 1060.735052 9.105300 27.603081 4351.672255 13.333861 9.184081 1354.651502 1600.654738 10534.088510 10773.265707 30.742757 1372.565009 2013.164836 2102.723450 10357.492991 15627.494634 254.453740 304.931977 509.965725 4236.380986 246.662350 542.613773 1763.233441 268.001961 5309.449299 1003.940055 562.915747 1935.898720 457.371954 404.725957 21431.985641 3637.709765 697.534470 251.326973 828.245685 469.268819 2712.998750 2507.984037 7031.807947 774.995717 2824.523380 5757.607271 31631.411373 19476.103068 2300.284316 761.173700 1288.860906 1407.341653 744.931193 10640.077486 139533.735374 21678.398452 2970.887179 719.079843 267.228726 14380.311553 465.863146 1436.210366 324.425436 1552.105766 1613.499608 11505.795361 920.279636 4053.638719 4709.532495 434.788562 1148.475561 1086.388672 19988.525733 26711.724945 786.092459 292.314549 inf inf inf inf inf inf inf inf inf inf inf inf inf inf inf inf 3524.402940 733.530909 669.409306 3232.333735 5706.284385 755.817424 838.752480 3304.316118 inf 890.457935 893.699784 inf 1295.911728 1030.345025 inf inf inf inf inf inf inf inf inf inf inf inf inf inf inf inf inf inf inf inf inf inf inf inf inf inf inf inf inf inf inf inf inf inf inf inf inf inf inf inf inf inf inf inf inf inf inf 396.058747 216.122397 542.211350 538.685500 484.700017 560.037126 385.111299 10106.467957 inf inf 2410.652104 6949.759861 4864.901381 9690.354078 1940.106085 3133.120753 538.070554 551.511516 3350.759582 2756.864213 956.978066 inf inf 8809.405398 3233.485268 5297.650004 2379.005341 6113.217391 757.010061 2021.546187 11275.547007 2380.224530 1815.214207 1591.196152 1367.126814 3588.974870 751.826704 3125.403832 788.673318 inf 2431.293529 2439.874589 1716.837531 5078.506169 1481.162945 inf inf inf inf inf inf inf inf inf inf inf inf inf inf inf 1060.940212 inf inf inf inf 1115.974391 1298.474917 2203.276163 2290.800054 2581.780457 1430.984331 inf inf inf inf inf inf inf inf inf inf inf inf inf inf inf inf inf inf inf inf inf inf inf inf inf inf inf inf inf inf inf inf inf inf inf inf inf 8625.702436 1081.510246 inf inf 1382.204718 5337.672990 2073.873672 603.393710 3069.171567 4262.198585 81.401364 935.680790 inf 1369.110120 1906.479303 
8.578878 478.936334 0.000000 8.880566 13.211971 1067.926100 12.435121 1112.866799 1734.174621 637.000316 11.333456 13.048115 4899.169658 928.901613 204.781375 87.058433 12.233837 2005.429006 1976.425837 10.217488 11.770903 12.363235 11.670777 1156.650677 18641.314058 827.981272 10.066106 18.346170 99.195784 498.048451 3038.899778 3927.636176 811.386912 5914.076374 2423.477089 9579.097584 1921.545433 7307.269413 729.302958 148.808306 4260.893927 585.671670 96.117626 6090.632466 21886.465274 309.285582 1925.944942 1577.794660 273.897536 1381.770714 1001.786161 3530.393812 2916.852339 821.774332 816.818917 4374.607385 68276.544559 5098.752510 1393.066104 1262.780009 1490.989066 761.865261 1101.845757 2173.380975 8027.766692 2293.361429 2604.930633 739.913722 856.089114 3171.808381 2232.881428 1456.135232 559.337589 2354.178035 2747.461951 1244.247701 1300.269260 inf 5255.450464 3636.706414 2554.072288 inf inf inf inf inf inf 29486.659264 inf inf inf inf inf inf inf inf inf inf inf inf inf 4193.690886 4033.933866 inf 698.316510 1740.677071 3369.546564 inf inf inf inf 1898.342133 inf 40849.569761 695.266890 inf inf inf inf inf inf inf inf inf inf inf inf inf inf inf inf inf inf inf inf inf inf inf inf inf inf inf inf inf inf inf inf inf inf inf inf inf inf inf inf inf inf inf inf inf inf inf inf 2992.157749 2018.791882 162.496028 967.069780 1085.306275 5813.813399 2594.442446 inf inf 920.674943 242.039961 244.207944 20698.150180 545.070731 81.310623 44654.855706 7596.689197 6902.557775 3396.954912 inf inf inf 6709.681918 581.330384 1120.107858 1712.741333 1706.454324 676.195606 667.819845 5903.823571 1438.944489 5057.649467 1337.972914 1758.562567 8624.111921 294.510641 574.378621 364.483792 212.042325 514.428859 3884.760236 4166.182987 802.581281 7223.246671 1058.582850 3827.466310 413.465592 533.204806 215.154601 299.903739 505.258792 4238.654381 2714.356951 4956.178168 423.529973 220.493051 274.373943 647.966210 670.410068 7576.977974 5601.362442 832.438040 909.437637 819.634320 10254.602888 1996.188970 2935.210656 10584.446234 1186.379015 542.593953 603.277558 4603.673644 3514.202932 9087.529818 2250.034907 inf inf 691.883359 2472.882572 inf 619.663750 2333.566322 3672.916082 2233.704080 inf 3858.357312 4302.627022 inf inf 750.790362 inf inf inf inf inf inf inf inf inf 770.582344 233.230391 inf inf inf inf inf inf 1118.922720 inf inf 1199.775439 1307.587952 219.093892 695.827121 147.809937 599.496109 91.938285 52.454952 1081.621929 inf 3662.346348 695.333365 
1292.227472 201.509808 8.880566 0.000000 505.978945 6180.876899 1529.511982 8467.251669 1316.563187 153.733372 501.289071 14.144692 1160.451755 1752.350936 170.377766 2503.791180 2775.189702 1362.185966 593.883972 3267.319768 6.625638 12.832932 11.895613 1287.834027 11544.040082 2217.670815 9.103237 16.844872 751.993956 162.799532 2507.334782 354.609604 1266.876470 23325.416911 711.099917 1167.664933 456.937775 6792.610699 3650.490302 128.469420 4454.953156 10247.757666 182.656289 3580.553793 2946.619546 95.192424 157.370022 228.703741 199.924392 7438.291145 11589.720311 1932.728676 2511.311476 137.995822 1406.618375 2307.923309 20001.740615 3159.588783 1047.984391 479.321210 2270.426570 2263.215536 542.561598 1097.098833 1816.362496 70030.556062 2876.170271 1502.660747 1593.041029 384.824318 1996.578555 228.937758 2493.854841 1370.459876 266.632143 4732.849087 1205.155144 inf 2998.923257 2020.542766 4078.909629 inf inf inf inf inf inf inf inf inf inf inf inf inf inf inf inf inf inf inf inf 1424.634007 36634.160187 inf 750.070054 911.305410 3898.344185 inf inf inf inf 6108.403084 inf 1632.898631 6321.469416 inf inf inf inf inf inf inf inf inf inf inf inf inf inf inf inf inf inf inf inf inf inf inf inf inf inf inf inf inf inf inf inf inf inf inf inf inf inf inf inf inf inf inf inf inf inf inf inf 8.573994 9.118850 885.470475 118.287054 195.285482 649.591601 1705.640200 inf inf 4641.925379 215.366792 1525.034326 849.749860 1436.780028 2021.931215 448.879564 1265.142794 835.950878 1886.455399 inf inf inf 1651.294706 2740.175741 6607.912111 415.241558 268.521072 554.723818 1114.999792 224.514014 1788.710688 2033.813990 3475.892420 282.861158 1494.282217 22501.714805 644.548544 2294.286597 363.625369 301.846607 360.155211 994.407460 1681.878362 20903.062802 203.782659 31632.723732 4464.230124 1555.410631 721.515052 587.221777 1115.603387 201.780150 285.664727 4293.900761 7987.201080 774.239398 5970.982972 2407.649519 5162.420169 102773.169893 6959.554175 273.554711 230.608970 6199.675636 9023.467525 661.976199 14541.643481 3681.633506 175.766738 4080.543603 3114.441012 4317.171779 1260.903959 1813.865333 1384.603086 1941.575850 inf 11418.389046 6316.804226 57894.485612 1776.804834 597.775625 498.632906 682.085001 1386.904406 7740.535461 2528.711834 inf 1927.904276 2929.893126 inf inf inf inf inf 4275.134254 inf inf inf 1359.217886 2513.736454 inf inf inf inf inf inf 172.099630 inf inf 45804.124072 555.844959 817.930530 473.045813 2100.336709 943.566879 1130.726164 1937.090131 921.320567 inf 2003.384000 7864.330983 
9.311282 1111.451977 13.211971 505.978945 0.000000 8.532618 8.533800 11.663427 803.913054 407.149802 2197.258111 201.879035 2159.594736 70704.119728 2319.138716 226.531582 367.352478 687.950492 29487.253201 14.452031 476.782398 744.889774 1123.090612 902.294245 19046.710246 1258.824487 12.414605 15.996761 12.736360 645.245249 158.904693 295.500985 2945.458012 139.985345 780.436674 135484.754802 396.667226 3495.518880 461.538255 1796.221507 641.397654 42058.196489 5617.559119 183.194538 2935.349420 101.645017 131.016361 17257.700389 450.462476 2428.307892 500.294651 526.353462 914.010485 994.872275 742.638030 1232.003698 7486.023856 509.083363 197.539001 1862.625059 2116.677495 4347.727076 9041.673085 5780.990296 6148.899313 3925.860584 3061.129609 357.547933 1018.632441 2533.676156 1051.410655 1682.973134 2752.871836 1168.133611 92.496779 935.390357 1141.456255 2046.651730 828.755908 13094.195705 1058.676498 974.193340 1220.334791 inf inf inf inf inf inf inf inf inf inf inf inf inf inf inf inf inf inf 121656.462520 2949.349418 481.063865 477.880181 417.525297 3418.816758 inf inf inf 587.483601 1093.267553 inf 3132.726988 692.610663 inf inf inf inf inf inf inf inf inf inf inf inf inf inf inf inf inf inf inf inf inf inf inf inf inf inf inf inf inf inf inf inf inf inf inf inf inf inf inf inf inf inf inf inf inf inf inf 792.924404 66910.317777 458.071176 655.429680 2456.436833 1056.188695 10390.439839 1390.645323 inf inf 577.435826 676.457684 2826.567391 1790.487601 18887.255667 2356.868597 2359.558830 56309.659002 17397.139401 5579.171872 482.560426 inf inf 2956.967254 3949.491348 162409.426597 2127.587978 3339.496820 1392.761216 1511.197819 1905.566478 479.433126 3670.109874 3908.290307 2879.967527 13702.830545 686.651389 5994.551318 440.599972 436.023237 585.333692 26075.462166 9433.346829 4831.698262 1525.142601 1692.732244 6935.112691 3402.405430 580.387778 1106.510029 561.238765 2573.518165 14228.923161 3293.969865 2925.086671 946.696054 2080.792141 623.209606 3309.371397 827.892257 789.964199 inf inf 5172.285855 2727.268973 5959.820782 2377.780932 2762.999564 738.149685 749.943996 1925.344263 1013.652356 2200.148712 6506.722530 2731.298836 5663.376903 inf inf inf inf inf 5746.052409 17971.511324 3256.973833 inf inf inf inf inf inf 1213.284144 inf inf inf inf inf inf inf inf inf 3621.828847 16896.278007 inf inf inf inf inf inf 3707.594307 754.661107 inf 8136.373910 912.626238 1087.624601 1267.206671 2020.403055 1721.646301 711.163694 539.315007 1822.619970 inf 652.267912 953.819045 
9.763834 9.777389 1067.926100 6180.876899 8.532618 0.000000 9.053833 6.621332 9.220628 452.770515 993.616454 807.040514 138.804119 759.616660 404.249654 13.806212 20.103658 400.138425 890.398824 101.084784 24912.410412 3444.405518 163.622713 16.339036 5312.874331 1733.602887 14.094869 281.768830 298.503740 81.344417 568.558309 7395.102444 652191.153629 140.373817 1104.419856 642.863769 191.471115 2118.788887 146724.981897 2478.912803 479.318190 1129.876128 501.395291 717.992248 160.893278 550.982880 637.911452 9360.297116 389.623959 1796.488620 2499.631683 2027.859856 3956.519476 4900.181264 74.031545 239.016429 2622.334109 518.577088 742.358783 865.403127 8908.069947 924.365397 557.967881 2465.945991 1171.896922 7135.201288 10043.892020 747.916076 95256.165263 605.839510 18067.440569 1498.575694 502.411452 914.782246 811.972801 2601.114032 904.109942 1636.357890 460.328449 667.632323 757.418897 455.978875 1212.233682 542.741710 inf inf 993.564437 1257.046449 inf 903.909976 955.235627 inf inf inf inf inf inf inf inf 861.235977 1854.603874 653.404807 301.636300 317.627484 606.185934 5163.010195 592.609394 819.329750 1215.336858 inf 450.141552 577.975625 1183.642972 309.551175 14083.640945 inf inf inf inf inf inf inf inf inf inf inf inf inf inf inf inf inf inf inf inf inf inf inf inf inf inf inf inf inf inf inf inf inf inf inf inf inf inf inf inf inf inf inf inf inf inf inf 491.142580 452.958558 1079.682059 992.319330 11452.632147 8762.782397 46070.583248 254.953889 inf inf 7687.585505 599.316730 490.758601 368.632628 4494.092091 2120.207901 311.086458 1897.884814 1247.171456 11362.793137 431.109989 inf 1291.327262 666.108423 1264.806936 651.544751 1018.842843 1327.644791 127830.334419 598.430166 675.782214 6620.572645 757.212293 823.349188 7438.347762 1841.475486 1241.501606 20054.321974 1093.061616 789.216404 2382.516193 6566.362224 1620.069941 1417.890140 1329.663209 3620.681224 671.994249 439.140468 4000.062756 inf inf inf inf inf inf inf inf inf 792.736761 2135.230366 969.241314 inf inf inf inf 25172.532946 3734.543289 6124.115032 6020.270123 1215.476391 893.097782 inf inf inf inf inf inf inf inf inf inf inf inf inf inf inf inf inf inf inf inf inf inf inf inf inf inf inf inf inf inf inf inf inf inf inf inf inf 943.929939 646.003918 inf inf 557.160039 5719.555807 459.533967 1021.542091 2705.474945 160727.776304 626.755200 1084.537471 inf 540.609739 6938.172570 
13.344703 544.446951 12.435121 1529.511982 8.533800 9.053833 0.000000 8.112538 139.954980 249.969049 11.605117 12.490522 436.372259 2624.072252 141.969340 182.841751 409.169007 364.398699 1532.592174 16.080619 12.635536 103.978966 161.303002 19.769376 1183.030547 3591.430423 11.004631 10.807048 13.364625 4667.838249 194.388195 10004.748550 263.546780 350.264848 5553.399930 1807.281152 962.542699 601.852690 695.682538 571.542274 707.493856 917.338003 8866.911093 3294.036420 1038.865609 686.280011 1387.538835 545.598486 433.210565 2289.476468 297.612455 2033.938163 2455.053425 167.250313 2431.347252 2147.692183 12889.672707 13246.055236 1934.106018 611.177305 162.213177 1804.399020 1000.131425 377.987856 4850.687963 20901.613405 14457.570098 824.419736 455.142463 5341.676678 1011.086066 1418.505821 370.902144 308.508897 1181.634815 366.669857 1510.235114 997.994444 23241.077630 884.926373 2093.345378 2079.809724 3168.542812 inf inf inf inf inf inf inf inf inf inf inf inf inf inf inf inf inf inf 822.641398 2604.936954 591.317340 2279.893977 2923.698722 1552.048348 inf inf inf 500.089864 370.377432 inf 2846.548547 279.497483 inf inf inf inf inf inf inf inf inf inf inf inf inf inf inf inf inf inf inf inf inf inf inf inf inf inf inf inf inf inf inf inf inf inf inf inf inf inf inf inf inf inf inf inf inf inf inf 656.707731 433.577792 489.565384 615.706880 651.290565 851.482474 3205.695972 538.370803 inf inf 827.876508 10831.717367 1276.703716 429.496549 1663.718983 1100.850991 13786.993893 3415.776280 7310.430542 4737.510967 991.126465 inf inf 14877.193750 5316.155888 669.237608 3009.153264 1117.021889 3805.804511 2320.270572 970.720546 568.325661 2404.190497 749.283781 2035.266103 3951.499301 2205.803491 3560.017824 1206.620904 4469.307833 3243.400110 645.493586 5267.046416 635.710565 1034.257065 3725.434651 723.593754 537.663877 120810.148388 2205.657556 1618.438340 2247.160783 2556.789864 3717.482418 894.135244 447.295815 752.320397 1941.910813 2485.178544 992.201452 2295.972932 inf inf 934.181052 1038.974324 3636.279802 643.378326 4492.728796 2744.240931 4429.081289 3636.612550 3430.282930 5865.717100 28622.058643 2816.666122 10706.828730 inf inf 1060.020282 inf inf 3434.232917 34807.318083 8192.983481 inf inf inf inf inf inf 1432.966022 inf inf inf inf inf inf inf inf inf 1642.502143 2083.630339 inf inf inf inf inf inf 650.203583 738.515756 inf 425.217585 804.470599 600.903160 3258.704386 1245.776311 2849.081045 355.581879 629.526712 302.839289 inf 4089.197189 1336.386321 
9.162086 19.733183 1112.866799 8467.251669 11.663427 6.621332 8.112538 0.000000 8.762982 9.184784 103.259874 4031.674208 56.555657 6195.951667 64290.479027 396.564689 1106.985407 1136.681034 473.440000 974.815019 1205.513261 115.918987 611.264919 15.353622 2809.922671 858.060555 4755.852974 1720.755527 4217.515092 389.792319 5124.236334 1858.708090 182.229508 6111.127501 687.586702 5835.669092 922.010906 8871.445831 1831.224050 161.076833 1140.926493 1158.444024 1297.232399 12642.579354 3860.847085 3721.696894 1207.551132 360.524455 267.154480 1067.203201 2563.083914 1287.926433 16290.191853 191.555425 9710.838605 165.633838 6051.685407 1627.775342 12796.663241 164.316743 357.795578 14245.073154 616.064798 474.137189 13827.650436 1739.562327 461.805388 357.963003 248.230989 325.367898 2112.194887 3661.728738 211.908793 2835.250253 1435.112952 897.912275 550.572836 806.192830 2272.369426 1436.571412 2380.959547 410.458767 2301.116451 1307.999180 516.479533 inf 1105.701876 2329.809484 inf 1261.070932 1845.237715 inf inf inf inf inf inf inf inf 1051.676273 1315.122741 707.380488 4815.961792 841.793506 2139.202086 1130.646358 575.111698 1166.721082 2792.720079 inf 672.390858 2954.067644 1174.010555 1879.317246 5500.037757 inf inf inf inf inf inf inf inf inf inf inf inf inf inf inf inf inf inf inf inf inf inf inf inf inf inf inf inf inf inf inf inf inf inf inf inf inf inf inf inf inf inf inf inf inf inf inf 426.796730 6255.960129 3706.511646 46671.134455 578.527853 11751.775747 3521.596338 1848.564039 inf inf 3357.073127 1373.178567 22184.047509 33569.978027 1292.947442 13147.532016 1304.317485 1265.154770 1049.371691 3615.570847 505.686825 inf 2117.708118 757.313085 2006.200128 10988.509895 14505.301508 2555.977282 2197.333777 843.260916 1075.389241 3082.803107 1631.269251 6197.603423 2183.790917 2123.543989 429.237079 2024.487061 1724.317842 4366.900667 1871.235606 1301.316400 638.599524 345.427411 761.801324 inf 1558.511864 873.607825 6674.668572 inf inf inf inf inf inf inf 1450.986182 6765.513746 10004.922610 1500.860844 1278.508073 inf inf inf inf 4078.940355 998.492406 4179.076941 1150.840766 1011.763818 938.864209 inf inf inf inf inf inf inf inf inf inf inf inf inf inf inf inf inf inf inf inf inf inf inf inf inf inf inf inf inf inf 511.096439 inf inf inf inf inf inf 21624.346238 1147.101419 inf 636.079517 22.983261 1848.842711 674.989019 638.051548 3970.011682 669.112047 762.164242 1639.461263 inf 2590.590969 1487.947715 
31.080168 9.904400 1734.174621 1316.563187 803.913054 9.220628 139.954980 8.762982 0.000000 586.124070 2687.514444 782.313917 8.838866 105.308013 9.626714 105.296719 758.491956 352.821987 11.502667 1663.584103 1879.276904 8208.746104 3811.226501 1020.944090 347.772849 536.728129 1250.112100 501.991097 1693.328089 404.655002 936.375265 779.732088 1422.770738 259.747163 9.105020 1877.573484 96.179856 9906.223992 2240.966342 327.214688 8321.257700 517.579166 1280.433884 2780.167694 305.001593 1836.277809 339.663003 4642.362883 929.636913 1416.245609 406.920998 704.143358 1246.089134 785.452678 818.887516 4180.881644 2749.981844 239.480729 2188.413027 233.842378 193.690619 2414.371514 6610.099443 2309.654255 1554.585923 24873.943109 679.889850 7018.211201 579.546206 7619.456862 1114.273505 6343.857368 414.454983 5988.150554 143.782839 1406.361267 1388.535064 1964.895022 3198.405255 3773.895754 1455.862722 1687.980125 628.011207 1507.981767 972.887113 inf 1031.894226 937.806687 inf 982.370570 850.512539 inf inf inf inf inf inf inf inf 1119.838802 1276.148129 893.585580 787.674731 833.238608 1003.115925 781.645799 3934.350838 791.211784 1250.103310 inf 388.447165 3150.074119 595.782053 666.298978 843.206781 inf inf inf inf inf inf inf inf inf inf inf inf inf inf inf inf inf inf inf inf inf inf inf inf inf inf inf inf inf inf inf inf inf inf inf inf inf inf inf inf inf inf inf inf inf inf inf 469.008385 474.623839 3087.228127 423.666936 3328.627528 1193.201780 1213.827680 1823.713097 inf inf 978.227595 6505.915334 11188.105778 1505.742032 6330.177687 9711.634959 174.098693 1651.474451 1039.420696 1273.885598 2219.293701 inf 985.807532 329.277727 443616.035257 3276.122296 2151.508836 25550.509890 559.951722 1068.860292 13324.535006 1092.642465 1542.537609 3359.874027 2556.767580 1891.628884 3324.149183 12202.454520 2055.712307 inf 17167.872484 13071.464594 2499.726618 960.040637 6798.629829 inf inf inf inf inf inf inf inf inf inf inf inf inf inf inf 3216.886910 inf inf inf inf 1756.469818 9748.142788 2448.042255 1435.758980 1403.562737 1211.855700 inf inf inf inf inf inf inf inf inf inf inf inf inf inf inf inf inf inf inf inf inf inf inf inf inf inf inf inf inf inf inf inf inf inf inf inf inf 338.981794 943.566607 inf inf 1007.240514 11864.376164 619.176180 1298.871610 3540.054699 403.996269 97.156872 4004.208490 inf 990.785466 1568.566440 
14.247931 13.758145 637.000316 153.733372 407.149802 452.770515 249.969049 9.184784 586.124070 0.000000 8.092506 8.741205 11.874549 1222.045651 1149.505274 1693.144110 2463.758609 18.099580 929.952451 14457.178258 2062.873368 186.811896 18905.803613 1321.836188 12382.282351 35369.086012 1229.889897 4252.756260 3556.113146 12582.159287 693.605837 1098.458352 2516.731353 885.430195 4860.569222 1032.114777 735.930829 7216.130181 1553.590773 348.495601 497.422124 2712.787257 1699.339436 2711.298108 3404.769670 335.762487 1296.540892 2106.741713 1733.665923 788.307169 383.108898 128.292826 3444.544075 346.970866 2963.518090 627.041850 2097.534610 3181.337392 1870.576898 1223.506024 1125.482107 2079.004587 1129.268390 5001036.341100 3404.924379 3615.838021 6496.227994 1484.690453 1784.046347 415.171767 2157.152041 2429.403120 819.113602 16797.122772 2912.798889 618.801809 992.978736 671.770659 6423.113313 6226.680081 2814.919821 3231.855053 13165.407490 inf 793.865902 inf inf 1907.661736 inf inf inf inf inf inf inf inf inf inf inf inf inf 2372.852719 3791.554221 2040.010849 353994.460105 73.903391 89.774686 inf inf inf 718.982531 919.669199 inf 16300.488262 12188.310285 inf inf inf inf inf inf inf inf inf inf inf inf inf inf inf inf inf inf inf inf inf inf inf inf inf inf inf inf inf inf inf inf inf inf inf inf inf inf inf inf inf inf inf inf inf inf inf inf 1055.373055 166.459614 489.110548 3036.238288 7629.075950 2118.878839 1073.935094 inf inf 896.507483 817.071508 269.367650 15236.153830 3294.841691 1338.828964 1852.494818 1165.540541 2467.145043 3060.617599 546.702163 inf inf 2323.121201 2205.544782 858.109362 772.700973 1316.745179 4531.543079 10125.801762 2261.185346 15370.547695 971.336927 1823.673424 1144.651349 381.371259 2006.558365 24992.481212 511.716462 1539.575612 1562.624500 383.668041 inf 664.730831 6340.483967 655.915256 6940.402810 971.972359 481.065819 1662.242232 2596.840248 13955.211117 1222.202275 1745.268037 715.698152 89204.305447 999.782560 2212.257553 4069.387572 850.472597 985.535830 inf inf inf inf 74769.988876 239.432256 1890.956622 2994.939435 1819.520097 7619.699214 26773.734891 inf inf inf inf inf inf inf inf inf 14463.959619 1632.846095 inf inf inf inf inf inf inf 12019.841933 inf inf inf inf inf inf inf inf inf 4147.181409 2237.062839 inf inf inf inf inf inf 586.173975 1159.641141 inf 2410.442981 952.931648 218.154358 1320.507553 1325.575263 2127.625437 516.781291 2311.229422 30617.865614 inf 1525.011749 3730.585068 
14.446657 1094.787952 11.333456 501.289071 2197.258111 993.616454 11.605117 103.259874 2687.514444 8.092506 0.000000 7.022816 5005.066460 542.172710 40958.472317 714.762679 1570.371194 990.512164 653.184563 108.959811 148.620035 8.282289 10.368792 8766.166942 50155.032189 5824.005120 497.561044 388.425509 1203.869357 1878.742258 4951.013821 530.337976 404.673928 1634.035289 1295.576062 2151.255745 907.484477 825.069629 4412.900924 3793.861433 5851.187254 5332.010727 2576.773726 306.035145 2963.123431 4744.069686 4906.525688 504.770860 2108.799028 3751.285323 190.380191 2201.557543 1306.376595 463.436886 3447.719528 916.782011 7319.918205 1476.028855 1993.297952 1147.021902 600.069873 33059.897327 3200.500728 3195.454835 5226.896245 6403.245467 1589.360615 1922.187899 14657.033540 629.963054 3009.541248 2067.344129 4641.092690 188227.391215 4257.665972 1572.431486 1220.042374 inf 3819.317863 1733.650518 2284.106071 inf inf inf inf inf inf inf inf inf inf inf inf inf inf inf inf inf inf inf inf 1925.553425 5608.173830 inf inf 69.488085 185.401967 inf inf inf inf 4261.020050 inf 6259.960564 24274.519328 inf inf inf inf inf inf inf inf inf inf inf inf inf inf inf inf inf inf inf inf inf inf inf inf inf inf inf inf inf inf inf inf inf inf inf inf inf inf inf inf inf inf inf inf inf inf inf inf 446.578465 6722.608848 4991.614832 619.157454 1295.222676 6064.962710 25992.246905 inf inf 391.665126 1262.545379 1334.092641 11739.915413 3729.822766 685.308978 2437.010721 1202.270476 809.996637 997.607404 inf inf inf 5232.928104 925.342159 1245.705482 303.998050 27168.066514 9589.039983 19708.923615 2631.804636 378.898431 1101.561303 17870.894533 14713.389907 7029.373635 7831.643711 3567.359791 891.194989 1834.186514 525.640634 9625.771749 4870.054167 131912.048080 1282.213979 582.259249 5061.693880 570.087484 735.405121 370.693709 526.907487 657.376121 18683.193624 2833.284999 1511.167544 2503.327203 1231.818810 901.614315 4356.315956 2309.004636 4095.243337 inf inf 1862.564928 1012.359742 6844.298824 1199.518645 5842.472849 5978.614349 3798.865637 3628.427493 5138.514286 1440.159904 18621.535358 5191.484358 2599.968389 inf inf inf inf inf 4176.820885 4816.796172 7525.974634 105895.325948 inf inf inf inf inf 1237.130846 inf inf inf inf inf inf inf inf inf 2476.587251 949.768188 inf inf inf inf inf inf 487.278842 inf inf 5712.957542 639.017252 835.136786 2239.149050 1442.382147 1781.604477 28307.413782 387.855312 9348.360455 inf 895.381283 1513.158427 
686.901585 6335.783720 13.048115 14.144692 201.879035 807.040514 12.490522 4031.674208 782.313917 8.741205 7.022816 0.000000 453.985058 1440.393292 1324.956060 1248.255195 20.329662 25531.421266 6038.290525 14.825911 14.319819 7.586444 9.191389 1343.061634 1354.496738 6542.988600 9.228271 14.029653 2135.799697 72.188356 491.106709 712.477636 707.664925 7198.491526 7582.392233 1311.413753 1370.413102 800.138704 2607.687669 579.580055 740.190060 91090.969904 126.819109 6048.959420 8193.163925 157.791417 1673.503850 1663.415325 135.707896 2679.855600 75.182645 97.302645 11091.801964 153.298588 121.090225 151.721651 4353.247549 9448.174998 1694.451694 365.734831 623.642724 216.378467 571.201375 927.286388 6363.701461 3551.711345 927.937419 933820.690546 1221.671667 2254.120999 1065.625947 4291.617860 1975.221595 7599.745949 2398.358111 693.536975 2926.792262 inf 3719.962000 1079.269763 1720.446694 inf inf inf inf inf inf inf inf inf inf inf inf inf inf inf inf inf inf inf inf 13201.086117 17143.476524 inf inf 1536.638231 389.663315 inf inf inf inf 2624.041282 inf 5361.575465 4484.251545 inf inf inf inf inf inf inf inf inf inf inf inf inf inf inf inf inf inf inf inf inf inf inf inf inf inf inf inf inf inf inf inf inf inf inf inf inf inf inf inf inf inf inf inf inf inf inf inf 989.613766 718.352641 468.826183 125.937817 2904.611247 18836.005039 1662.209943 inf inf 576.554293 771.529556 9953.649034 1758.390820 2161.828836 1391.733804 1201.130427 1688.952956 1510.293869 2628.530070 inf inf inf 3959.402752 1053.366253 4707.949979 92.546664 517.122757 1086.078272 142166.343120 12245.781770 1266.759824 6100.168276 1170.903777 3282.857989 565.613512 6899.057509 1228.949501 3173.738187 534.045988 537.834970 892.158855 9430.526995 5962.787210 3740.307283 2418.081451 215226.245121 553.381599 340.530804 633.257514 223.466978 242.160790 23123.896608 963.425702 1208.535102 1757.773954 619.043591 658.777393 1443.157746 824.985370 20154.091616 2652.135392 4384.146568 556.217417 778.107597 5411.846521 12132.255279 2912.686585 248.326032 258.117650 2720.675454 1785.127888 1417.649043 2119.277055 2634.401095 4320.583330 inf inf inf 1474.788763 inf 6120.226399 43659.292349 53669.694997 34238.688433 inf 1819.972021 inf inf inf 2927.822782 inf inf inf inf inf inf inf inf inf 11147.218678 6249.653986 inf inf inf inf inf inf 16781.642644 inf inf 7370.705629 3362.565183 688.580389 7585.681866 1121.029981 8168.208249 85789.433990 1936.091740 3814.667627 inf 10434.260161 1398.031866 
140.433178 13.600459 4899.169658 1160.451755 2159.594736 138.804119 436.372259 56.555657 8.838866 11.874549 5005.066460 453.985058 0.000000 7.358309 7.817802 1296.871373 1406.521190 2056.768669 422.941442 7694.869721 1232.995889 207.684936 321.984120 2937.377964 1171.399160 2259.617226 13245.888744 268.450631 16353.097301 1365.784848 43.800454 13.494054 48.569867 1810.035386 488.533191 1538.421739 271.970738 346.462840 2771.860239 1390.514388 11455.228753 433.397530 5342.745058 1062.379359 1314.739215 7267.466053 684.444064 586.560417 4269.402292 1531.079721 267.325423 615.263949 4867.109548 260.093186 3634.637742 3018.019939 9680.581043 44478.546029 525.277250 2075.994095 1799.566974 3654.135112 670.458720 29884.213802 2505.279032 2363.795599 493.141710 5689.015800 460.176254 569.606907 9158.965135 1933.406737 1287.269879 3133.585682 1549.127190 2936.387206 842.410027 741.945686 3752.660852 3604.660048 2357.844936 5761.163790 7693.270698 2103.729674 372.991794 inf inf inf inf inf inf inf inf inf inf inf inf inf inf inf inf 28366.016881 4559.790200 2045.708153 564.900497 561.206963 46.344395 inf 233119.870953 inf 1236.398990 857.525727 inf 1377.641644 30334.402998 inf inf inf inf inf inf inf inf inf inf inf inf inf inf inf inf inf inf inf inf inf inf inf inf inf inf inf inf inf inf inf inf inf inf inf inf inf inf inf inf inf inf inf inf inf inf inf 184.690227 772.179045 36270.269365 1738.756830 1143.145527 9626.042555 971.044128 2884.483311 inf inf 1777.361179 13147.641992 3050.154540 4960.440925 1538.812803 1509.304704 1422.395774 10010.433502 1126.811739 532.771752 1379.436977 inf inf 1744.728282 1212.532899 826.502936 4298.776088 1310.049424 791.215758 2665.740738 72847.060300 5002.831283 1822.728409 2884.753256 2909.662351 inf 833.493272 1560.784290 1314.283894 inf inf inf inf inf inf inf inf inf inf inf inf inf inf inf inf inf inf inf inf inf 5036.812191 inf inf inf inf 1501.024676 inf inf 1039.606459 inf inf inf inf inf inf inf inf inf inf inf inf inf inf inf inf inf inf inf inf inf inf inf inf inf inf inf inf inf inf inf inf inf inf inf inf inf inf inf 1934.293143 2520.158356 inf inf 958.458859 7662.997843 870.636146 inf 2586.106972 724.591250 562.760390 1769.796608 inf 961.349150 inf 
40364.639401 1060.735052 928.901613 1752.350936 70704.119728 759.616660 2624.072252 6195.951667 105.308013 1222.045651 542.172710 1440.393292 7.358309 0.000000 9.053491 1779.270708 7678.080953 1564.394535 240.721215 978.644356 7152.619298 1046.568826 42198.299253 1102.086685 3925.527850 576.448640 110.640849 336.726811 4062.044538 19295.218573 442.633674 8.048065 190.926424 886.325666 75.369559 1758.009651 2100.772579 579.005112 713.787377 805.692657 123793.530723 193.597216 335.970599 1504.367730 1251.965952 581.461705 626.407341 218.499256 826.408612 293929.584781 338.620034 2014.212904 4724.577569 2628.292743 577.624612 785.850273 3363.256785 1177.377878 634.771163 43850.779612 66089.728961 1373.626629 54286.968797 2371.257640 3426.184942 2634.369714 1503.149219 18850.949771 2333.436002 3077.171617 629.020100 17916.848998 15885.223958 508.276595 6856.450530 231.353792 5544.392699 1190.184637 6006.484632 20318.799773 4623.006261 2760.583267 6074.948254 2313.425989 1112.250472 1010.514468 4081.116177 1718.986623 inf 4879.777404 6607.097271 inf inf inf inf 6536.051414 inf inf inf inf inf 11253.588535 2777.155062 2187.989521 710.173775 331.741947 471.943687 7557.225543 1643.470807 inf 2699.011614 10034.598401 1822.902604 12955.187422 1005.690806 inf inf inf inf inf inf inf inf inf inf inf inf inf inf inf inf inf inf inf inf inf inf inf inf inf inf inf inf inf inf inf inf inf inf inf inf inf inf inf inf inf inf inf inf inf inf inf 5494.256587 136.547753 1618.845343 7424.124871 1097.704514 689.365311 3373.911241 206690.713719 inf inf 8599.179935 2331.038839 332.054087 2223.835318 2126.772096 1648.346860 406.060213 4449.271436 1065.397464 835.317037 1692.048919 inf inf 1554.425124 1371.718465 49681.588734 893.936853 625.714491 4088.258233 4274.121601 12728.707933 73854.087195 5363.185468 1670.082888 3914.103296 inf 4477.779312 39833.120561 inf inf inf inf inf inf inf inf inf inf inf inf inf inf inf inf inf inf inf inf inf inf inf inf inf inf inf 1923.163366 inf inf inf inf inf inf inf inf inf inf inf inf inf inf inf inf inf inf inf inf inf inf inf inf inf inf inf inf inf inf inf inf inf inf inf inf inf inf inf inf inf inf 6961.085675 3542.074853 inf inf 7857.917324 6751.207119 681.261126 inf 12609.783749 1155.661783 5669.876719 1585.583001 inf 34901.547450 inf 
11.229167 9.105300 204.781375 170.377766 2319.138716 404.249654 141.969340 64290.479027 9.626714 1149.505274 40958.472317 1324.956060 7.817802 9.053491 0.000000 445.057266 1816.056081 3549.887598 407.661435 2259.348552 103154.583515 79.783512 105.811719 1696.557793 15.275949 26.030078 2450.721608 391.310331 3537.869657 8.408747 10.634395 2184.393178 650.105119 8.821911 7.969946 2495.379619 3401.176155 1414.416414 7108.815749 200.417799 3167.654288 1246.667110 216.902923 3155.697352 1092.118227 226.003287 528.590968 1738.657583 792.683924 3674.328128 701.560904 1962.470262 2794.519630 951.471561 12616.232273 595.619475 982.624525 1323.967634 8336.112944 5987.536704 366.997465 2279.536344 582.853585 3322.381564 4014.274152 1305.214175 2545.377785 1123.304671 1253.680558 585789.949490 2066.656824 6239.437658 12802.687296 1124.124334 2671167.744220 720.424611 376.435468 325.775423 4313.131307 1379.642872 1256.042959 439.133736 13632.939974 735.254008 677.596317 inf 922.771220 960.244158 inf 937.942655 1844.851310 inf inf inf inf inf inf inf inf 495.604747 911.803624 17407.254628 2187.462058 6796.676492 1884.618531 515.560302 25.004321 992.971770 4428.002111 inf 259.755361 557.783164 539.490947 7912.492978 646.795614 inf inf inf inf inf inf inf inf inf inf inf inf inf inf inf inf inf inf inf inf inf inf inf inf inf inf inf inf inf inf inf inf inf inf inf inf inf inf inf inf inf inf inf inf inf inf inf 327.613846 767.468382 339.784501 13450.451946 1296.105129 497.740658 18976.720189 1039.730345 inf inf 5461.931361 2156.304297 2987.451769 1116.698295 3132.236650 162.997434 2780.663638 1609.434646 1127.769892 562.089217 1401.315549 inf 488.128578 1596.341392 583.076052 36974.568326 2169.112353 307.102252 1207.950756 2475.600713 3766.445785 2443.326736 4780.954806 inf inf inf 1015.548391 1631.326533 951.312024 inf inf inf inf inf inf inf inf inf inf inf inf inf inf inf inf inf inf inf inf inf inf inf inf inf inf 5777.677593 inf inf 1380.896571 2410.772844 inf inf inf inf inf inf inf inf inf inf inf inf inf inf inf inf inf inf inf inf inf inf inf inf inf inf inf inf inf inf inf inf inf inf inf inf inf inf 1942.978365 588.110450 inf inf 877.905377 835.462570 679.776587 719.261874 1561.628575 35.016148 114.387394 2065.295734 inf 658597.517059 inf 
10.939801 27.603081 87.058433 2503.791180 226.531582 13.806212 182.841751 396.564689 105.296719 1693.144110 714.762679 1248.255195 1296.871373 1779.270708 445.057266 0.000000 9.092378 10.029527 10.034905 9.870150 10.284845 919.621584 1059.141194 9.860055 3527.694697 282.845468 401.386411 815.615091 481.448849 147.138209 405.777812 43498.328797 1700.272382 795.683096 841.305217 1322.210030 841.598079 941.739728 320.379189 3041.675094 1445.698260 1485.939572 680.002340 435.096127 1019.748477 347.064424 2389.235478 748.778792 119.571089 190.127360 204.018095 8484.277833 712.589861 308.550588 9419.358369 438.299017 1706.531023 1741.547744 470.123079 2229.885817 1289.285893 303.623823 1192.904790 7294.910760 2610.621453 3890.050380 53250.920577 3282.596942 834.377847 576.179661 395.197409 1453.464877 2272.287067 1243.670452 991.022538 252.040812 1119.654181 inf 1000.187278 557.729606 1060.612070 566.801349 1106.393788 inf inf inf inf inf inf inf inf inf inf inf inf inf inf inf inf inf inf 871.747780 2024.822208 775.295972 575.568376 1319.146785 1699.043664 inf inf inf 473.909489 506.348301 inf 9948.249950 2710.059089 inf inf inf inf inf inf inf inf inf inf inf inf inf inf inf inf inf inf inf inf inf inf inf inf inf inf inf inf inf inf inf inf inf inf inf inf inf inf inf inf inf inf inf inf inf inf inf 477.860571 352.660528 959.522353 674.940129 12855.792094 1807.221690 2179.179183 502.630768 inf inf 495.793658 1576.252282 3059.874365 826.132860 1245.739770 851.081326 2530.726935 16261.016476 807.616053 15849.419586 371.788197 inf inf 851.335008 791.711885 1411.131527 255.899043 978.708360 551.921048 2148.100571 1243.291902 2145.044075 1572.224014 1898.129550 889.287885 1955.829669 7568.953897 3414.597488 471.705346 47859.043469 737.910761 988.705883 1167.484040 1510.719583 2939.946924 1462.249626 1575.939002 5106.427066 1753.481283 1777.653233 1584.703391 935.102337 645.508665 1295.932795 2561.523129 1119.407922 1102.354024 2502.063488 1827.463762 974.770500 11770.507418 inf inf 1090.728236 inf 3483.875893 2207.741340 12270.720381 1314.388259 1485.880914 2152.265708 5910.881993 inf inf inf inf inf inf inf inf inf 1500.314769 469.785440 inf 5230.699926 inf inf inf inf inf 6409.100512 inf inf inf inf inf inf inf inf inf 614.581341 1951.574197 inf inf inf inf inf inf 3202.578878 660.771154 inf 1103.627121 423.730445 1210.999854 4546.487142 6867.542177 4303.982043 522.443035 228.747486 14053.489460 inf 868.648768 1218.631720 
